324709769581428746 1000
330104644179197962 1000
414620609478393877 1000
216090095143485444 1000
219235011545530368 11469
335572186720894977 1000
282704602191626241 1000
495348488758886437 1000
202889015920295936 1000
489193431164518401 1000
490749436394209291 1000
500523924656750624 1000
399093438529929217 1000
211096783764455426 1000
322897666948202506 3000
285596353453752330 1000
444462153081290753 1000
388129613865549835 1000
444173478438895626 1000
265521918881300490 1000
480875490228305920 1000
318057142110388224 1000
477131621082857482 1000
502881563063615488 1000
96269247411400704 1000
272016072989736961 4125
491991905618362379 1000
202334707738738688 1000
341162478908080128 6076
317862393453740032 2000
326611455329697793 5961
286833205766520832 1000
382029985210433536 2269
302158493589438465 2942
428612593196728320 1975
353314160500539395 1000
