414620609478393877 1548725411.2719505
317862393453740032 1551213677.0083184
322897666948202506 1551420457.8480701
219235011545530368 1562673251.9796438
324709769581428746 1541988273.1891098
330104644179197962 1541979300.560212
335572186720894977 1541993073.3448858
490749436394209291 1541021588.0056717
500523924656750624 1540752654.628492
399093438529929217 1540753014.3014894
216090095143485444 1541999398.0172434
444462153081290753 1543742086.5907052
388129613865549835 1543714209.2208052
444173478438895626 1543742086.6315043
318057142110388224 1546468225.7434518
223038573195165709 1546782122.7132964
477131621082857482 1547476860.4089417
502881563063615488 1547387399.31397
272016072989736961 1551588544.1736856
265521918881300490 1549056760.9367049
202334707738738688 1548700474.5932772
326611455329697793 1551416348.7461479
341162478908080128 1551582387.6695125
286833205766520832 1549505679.4138818
382029985210433536 1551015568.5206983
302158493589438465 1553479932.3337805
428612593196728320 1551367259.710524
